dim: 128 x 40 x 71
axis=2 slice=18

6.304	6.158	6.023	5.902	5.798	5.712	5.647	5.605	5.587	5.466	5.309	5.160	5.021	4.893	4.776	4.674	4.587	4.516	4.464	4.431	4.418	4.425	4.453	4.500	4.565	4.648	4.737	4.839	4.947	5.068	5.193	5.330	5.384	5.428	5.496	5.577	5.669	5.765	5.873	5.988	6.108	6.238	6.160	6.046	5.931	5.832	5.734	5.647	5.580	5.508	5.415	5.292	5.173	5.052	4.926	4.812	4.706	4.604	4.518	4.444	4.285	4.134	3.973	3.824	3.670	3.522	3.378	3.232	3.098	2.957	2.831	2.700	2.583	2.473	2.364	2.280	2.199	2.129	2.082	2.052	2.037	2.034	2.045	2.066	2.092	2.131	2.182	2.246	2.320	2.406	2.500	2.591	2.689	2.796	2.910	3.021	3.135	3.255	3.379	3.499	3.624	3.753	3.878	4.005	4.134	4.264	4.295	4.329	4.367	4.407	4.448	4.493	4.557	4.637	4.734	4.845	4.969	5.103	5.249	5.339	5.380	5.422	5.487	5.573	5.677	5.798	5.932	6.079	
6.158	6.002	5.858	5.729	5.616	5.522	5.451	5.404	5.385	5.263	5.106	4.958	4.818	4.690	4.574	4.471	4.384	4.314	4.262	4.228	4.215	4.223	4.250	4.297	4.363	4.445	4.540	4.643	4.757	4.879	5.011	5.147	5.183	5.233	5.307	5.395	5.495	5.599	5.714	5.836	5.963	6.099	6.005	5.883	5.760	5.653	5.547	5.451	5.376	5.297	5.234	5.100	4.982	4.856	4.730	4.612	4.496	4.395	4.308	4.217	4.058	3.907	3.746	3.597	3.444	3.295	3.151	3.005	2.871	2.730	2.604	2.473	2.356	2.246	2.137	2.053	1.972	1.902	1.855	1.825	1.810	1.807	1.818	1.839	1.865	1.904	1.955	2.019	2.094	2.179	2.273	2.364	2.463	2.569	2.683	2.794	2.908	3.028	3.152	3.272	3.397	3.526	3.651	3.778	3.907	4.037	4.075	4.113	4.154	4.197	4.244	4.291	4.354	4.435	4.531	4.642	4.766	4.901	5.046	5.134	5.179	5.226	5.297	5.391	5.504	5.633	5.777	5.932	
6.023	5.858	5.705	5.566	5.443	5.341	5.262	5.211	5.189	5.067	4.910	4.761	4.622	4.494	4.378	4.275	4.188	4.117	4.065	4.032	4.019	4.027	4.054	4.101	4.167	4.249	4.347	4.454	4.571	4.697	4.830	4.964	4.990	5.045	5.127	5.223	5.331	5.443	5.566	5.696	5.830	5.973	5.861	5.732	5.599	5.484	5.368	5.262	5.179	5.089	5.029	4.915	4.786	4.667	4.535	4.407	4.291	4.190	4.095	3.991	3.831	3.680	3.519	3.371	3.217	3.068	2.924	2.778	2.644	2.503	2.377	2.246	2.129	2.019	1.910	1.826	1.745	1.675	1.628	1.598	1.583	1.580	1.591	1.612	1.638	1.677	1.728	1.792	1.867	1.952	2.046	2.137	2.236	2.342	2.456	2.567	2.681	2.801	2.925	3.045	3.170	3.299	3.424	3.551	3.680	3.810	3.858	3.897	3.941	3.990	4.042	4.094	4.158	4.238	4.335	4.446	4.570	4.705	4.850	4.935	4.985	5.037	5.116	5.218	5.341	5.480	5.633	5.798	
5.902	5.729	5.566	5.416	5.283	5.171	5.084	5.026	5.001	4.880	4.723	4.574	4.435	4.306	4.190	4.088	4.001	3.930	3.878	3.845	3.832	3.839	3.867	3.913	3.979	4.062	4.160	4.273	4.392	4.521	4.660	4.777	4.806	4.867	4.958	5.063	5.181	5.301	5.432	5.570	5.711	5.861	5.732	5.594	5.452	5.327	5.201	5.084	4.991	4.889	4.819	4.733	4.598	4.475	4.336	4.209	4.093	3.984	3.880	3.764	3.605	3.453	3.292	3.144	2.990	2.841	2.697	2.551	2.417	2.276	2.150	2.019	1.902	1.792	1.683	1.599	1.518	1.448	1.401	1.371	1.356	1.354	1.364	1.385	1.411	1.450	1.501	1.565	1.640	1.725	1.819	1.911	2.009	2.115	2.229	2.340	2.454	2.574	2.698	2.818	2.943	3.072	3.197	3.324	3.453	3.583	3.640	3.683	3.734	3.790	3.848	3.907	3.971	4.051	4.148	4.258	4.382	4.517	4.663	4.744	4.801	4.859	4.946	5.058	5.191	5.341	5.504	5.677	
5.798	5.616	5.443	5.283	5.139	5.016	4.919	4.855	4.827	4.705	4.548	4.399	4.260	4.132	4.015	3.913	3.826	3.755	3.703	3.670	3.657	3.664	3.692	3.739	3.804	3.887	3.985	4.098	4.223	4.356	4.496	4.603	4.635	4.704	4.804	4.920	5.047	5.176	5.315	5.460	5.608	5.764	5.619	5.474	5.322	5.187	5.049	4.920	4.815	4.697	4.615	4.547	4.418	4.281	4.148	4.020	3.891	3.774	3.670	3.537	3.378	3.226	3.065	2.917	2.763	2.614	2.470	2.324	2.190	2.049	1.923	1.792	1.675	1.565	1.456	1.372	1.291	1.221	1.175	1.144	1.129	1.127	1.137	1.158	1.184	1.223	1.274	1.338	1.413	1.498	1.592	1.684	1.782	1.888	2.002	2.113	2.227	2.347	2.471	2.591	2.716	2.845	2.970	3.097	3.226	3.356	3.424	3.475	3.533	3.594	3.660	3.728	3.796	3.876	3.973	4.084	4.208	4.342	4.488	4.565	4.629	4.694	4.791	4.914	5.058	5.218	5.391	5.573	
5.712	5.522	5.341	5.171	5.016	4.882	4.775	4.702	4.670	4.548	4.392	4.243	4.104	3.975	3.859	3.757	3.669	3.599	3.547	3.514	3.501	3.508	3.535	3.582	3.648	3.730	3.829	3.941	4.067	4.203	4.349	4.447	4.484	4.561	4.672	4.797	4.934	5.071	5.218	5.370	5.523	5.683	5.525	5.373	5.212	5.068	4.918	4.775	4.657	4.521	4.423	4.338	4.235	4.101	3.959	3.819	3.690	3.572	3.469	3.310	3.151	2.999	2.838	2.690	2.536	2.387	2.243	2.097	1.963	1.822	1.696	1.565	1.448	1.338	1.229	1.145	1.064	0.994	0.948	0.917	0.902	0.900	0.910	0.931	0.957	0.996	1.047	1.111	1.186	1.271	1.365	1.457	1.555	1.661	1.775	1.886	2.000	2.120	2.244	2.364	2.489	2.618	2.743	2.870	2.999	3.129	3.213	3.269	3.333	3.406	3.483	3.562	3.639	3.720	3.817	3.927	4.051	4.186	4.328	4.403	4.477	4.550	4.657	4.791	4.946	5.116	5.297	5.487	
5.647	5.451	5.262	5.084	4.919	4.775	4.658	4.577	4.541	4.419	4.262	4.114	3.974	3.846	3.730	3.627	3.540	3.469	3.418	3.384	3.371	3.379	3.406	3.453	3.519	3.601	3.700	3.812	3.937	4.073	4.220	4.318	4.359	4.445	4.566	4.701	4.846	4.990	5.143	5.301	5.460	5.618	5.454	5.296	5.127	4.974	4.814	4.658	4.526	4.369	4.251	4.143	4.059	3.916	3.775	3.634	3.505	3.384	3.244	3.083	2.924	2.772	2.611	2.463	2.309	2.161	2.016	1.870	1.736	1.595	1.469	1.338	1.221	1.111	1.002	0.919	0.837	0.767	0.721	0.690	0.675	0.673	0.683	0.704	0.730	0.769	0.820	0.884	0.959	1.044	1.138	1.230	1.328	1.434	1.548	1.659	1.773	1.894	2.017	2.137	2.262	2.391	2.516	2.643	2.772	2.902	3.004	3.070	3.144	3.227	3.318	3.411	3.503	3.590	3.687	3.798	3.922	4.057	4.182	4.269	4.352	4.432	4.550	4.694	4.859	5.037	5.226	5.422	
5.605	5.404	5.211	5.026	4.855	4.702	4.577	4.489	4.450	4.328	4.171	4.023	3.883	3.755	3.639	3.536	3.449	3.378	3.326	3.293	3.280	3.288	3.315	3.362	3.428	3.510	3.609	3.721	3.846	3.982	4.129	4.227	4.272	4.365	4.494	4.636	4.788	4.937	5.095	5.256	5.418	5.575	5.408	5.245	5.071	4.912	4.743	4.577	4.433	4.257	4.118	3.979	3.856	3.756	3.597	3.447	3.305	3.174	3.017	2.856	2.697	2.545	2.384	2.236	2.082	1.934	1.790	1.643	1.509	1.368	1.243	1.111	0.994	0.884	0.775	0.692	0.610	0.540	0.494	0.463	0.448	0.446	0.456	0.477	0.503	0.542	0.593	0.657	0.732	0.817	0.912	1.003	1.101	1.207	1.321	1.432	1.546	1.667	1.790	1.910	2.035	2.164	2.289	2.416	2.545	2.675	2.802	2.878	2.967	3.065	3.170	3.280	3.393	3.499	3.596	3.707	3.831	3.966	4.076	4.173	4.264	4.352	4.477	4.629	4.801	4.985	5.179	5.380	
5.587	5.385	5.189	5.001	4.827	4.670	4.541	4.450	4.410	4.287	4.131	3.982	3.843	3.714	3.598	3.495	3.408	3.338	3.286	3.252	3.239	3.247	3.274	3.321	3.387	3.469	3.568	3.680	3.805	3.942	4.088	4.186	4.233	4.330	4.463	4.608	4.763	4.914	5.074	5.237	5.401	5.557	5.388	5.223	5.047	4.885	4.713	4.541	4.392	4.205	4.052	3.889	3.715	3.592	3.437	3.274	3.113	2.947	2.790	2.629	2.470	2.318	2.158	2.009	1.855	1.707	1.563	1.416	1.282	1.141	1.016	0.884	0.767	0.657	0.548	0.465	0.383	0.314	0.267	0.236	0.221	0.219	0.229	0.250	0.276	0.315	0.366	0.430	0.505	0.590	0.685	0.776	0.874	0.980	1.094	1.205	1.319	1.440	1.563	1.684	1.808	1.937	2.062	2.189	2.318	2.448	2.575	2.702	2.805	2.923	3.052	3.186	3.324	3.451	3.555	3.666	3.790	3.917	4.027	4.130	4.225	4.316	4.445	4.601	4.776	4.963	5.160	5.362	
5.585	5.383	5.186	4.999	4.824	4.668	4.538	4.447	4.407	4.284	4.128	3.979	3.839	3.711	3.595	3.492	3.405	3.334	3.282	3.249	3.236	3.243	3.271	3.318	3.384	3.466	3.565	3.677	3.802	3.939	4.085	4.183	4.231	4.327	4.460	4.606	4.761	4.912	5.072	5.235	5.399	5.555	5.386	5.221	5.044	4.883	4.710	4.539	4.389	4.202	4.048	3.885	3.707	3.581	3.386	3.223	3.063	2.896	2.739	2.578	2.418	2.267	2.106	1.957	1.803	1.655	1.510	1.364	1.229	1.088	0.962	0.830	0.712	0.601	0.490	0.405	0.321	0.248	0.197	0.164	0.139	0.131	0.140	0.179	0.208	0.250	0.304	0.370	0.446	0.533	0.629	0.721	0.819	0.927	1.041	1.152	1.266	1.387	1.511	1.631	1.756	1.885	2.011	2.138	2.267	2.397	2.523	2.651	2.777	2.905	3.034	3.174	3.319	3.448	3.552	3.663	3.787	3.913	4.023	4.127	4.222	4.313	4.442	4.599	4.774	4.961	5.157	5.360	
5.585	5.383	5.186	4.999	4.824	4.668	4.538	4.447	4.407	4.284	4.128	3.979	3.839	3.711	3.595	3.492	3.405	3.334	3.282	3.249	3.236	3.243	3.271	3.318	3.384	3.466	3.564	3.677	3.802	3.939	4.085	4.183	4.231	4.327	4.460	4.606	4.761	4.912	5.072	5.235	5.399	5.555	5.386	5.221	5.044	4.883	4.710	4.539	4.389	4.202	4.048	3.885	3.707	3.581	3.386	3.223	3.063	2.896	2.739	2.578	2.418	2.267	2.106	1.957	1.803	1.655	1.510	1.364	1.229	1.088	0.962	0.830	0.712	0.600	0.490	0.405	0.321	0.248	0.197	0.163	0.139	0.132	0.140	0.179	0.208	0.249	0.304	0.369	0.446	0.533	0.629	0.720	0.819	0.926	1.041	1.152	1.266	1.387	1.511	1.631	1.756	1.885	2.011	2.138	2.267	2.397	2.523	2.651	2.777	2.905	3.034	3.174	3.319	3.448	3.552	3.663	3.787	3.913	4.023	4.127	4.222	4.313	4.442	4.599	4.774	4.961	5.157	5.360	
5.585	5.383	5.186	4.999	4.824	4.668	4.538	4.447	4.407	4.284	4.128	3.979	3.839	3.711	3.595	3.492	3.405	3.334	3.282	3.249	3.236	3.243	3.271	3.318	3.384	3.466	3.564	3.677	3.802	3.939	4.085	4.183	4.231	4.327	4.460	4.606	4.761	4.912	5.072	5.235	5.399	5.555	5.386	5.221	5.044	4.883	4.710	4.539	4.389	4.202	4.048	3.885	3.707	3.581	3.386	3.223	3.063	2.896	2.739	2.578	2.418	2.267	2.106	1.957	1.803	1.655	1.510	1.364	1.229	1.088	0.962	0.830	0.712	0.600	0.490	0.405	0.321	0.248	0.197	0.163	0.139	0.132	0.140	0.179	0.208	0.249	0.304	0.369	0.446	0.533	0.628	0.720	0.819	0.926	1.041	1.152	1.266	1.387	1.511	1.631	1.756	1.885	2.011	2.138	2.267	2.397	2.523	2.651	2.777	2.905	3.034	3.174	3.319	3.448	3.552	3.663	3.787	3.913	4.023	4.127	4.222	4.313	4.442	4.599	4.774	4.961	5.157	5.360	
5.585	5.383	5.186	4.999	4.824	4.668	4.538	4.447	4.407	4.284	4.128	3.979	3.839	3.711	3.595	3.492	3.405	3.334	3.282	3.249	3.236	3.243	3.271	3.318	3.384	3.466	3.564	3.677	3.802	3.939	4.085	4.183	4.231	4.327	4.460	4.606	4.761	4.912	5.072	5.235	5.399	5.555	5.386	5.221	5.044	4.883	4.710	4.539	4.389	4.202	4.048	3.885	3.707	3.581	3.386	3.223	3.063	2.896	2.739	2.578	2.418	2.267	2.106	1.957	1.803	1.655	1.510	1.364	1.229	1.088	0.962	0.830	0.712	0.600	0.490	0.405	0.321	0.248	0.197	0.163	0.139	0.132	0.140	0.179	0.208	0.249	0.304	0.369	0.446	0.533	0.628	0.720	0.819	0.926	1.041	1.152	1.266	1.387	1.511	1.631	1.756	1.885	2.011	2.138	2.267	2.397	2.523	2.651	2.777	2.905	3.034	3.174	3.319	3.448	3.552	3.663	3.787	3.913	4.023	4.127	4.222	4.313	4.442	4.599	4.774	4.961	5.157	5.360	
5.585	5.383	5.186	4.999	4.824	4.668	4.538	4.447	4.407	4.284	4.128	3.979	3.839	3.711	3.595	3.492	3.405	3.334	3.282	3.249	3.236	3.243	3.271	3.318	3.384	3.466	3.564	3.677	3.802	3.939	4.085	4.183	4.231	4.327	4.460	4.606	4.761	4.912	5.072	5.235	5.399	5.555	5.386	5.221	5.044	4.883	4.710	4.539	4.389	4.202	4.048	3.885	3.707	3.581	3.386	3.223	3.063	2.896	2.739	2.578	2.418	2.267	2.106	1.957	1.803	1.655	1.510	1.364	1.229	1.088	0.962	0.830	0.712	0.600	0.490	0.405	0.321	0.248	0.197	0.163	0.139	0.132	0.140	0.179	0.208	0.249	0.304	0.369	0.446	0.533	0.628	0.720	0.819	0.926	1.041	1.152	1.266	1.387	1.511	1.631	1.756	1.885	2.011	2.138	2.267	2.397	2.523	2.651	2.777	2.905	3.034	3.174	3.319	3.448	3.552	3.663	3.787	3.913	4.023	4.127	4.222	4.313	4.442	4.599	4.774	4.961	5.157	5.360	
5.561	5.359	5.162	4.975	4.800	4.644	4.515	4.424	4.383	4.262	4.109	3.964	3.829	3.706	3.594	3.492	3.405	3.334	3.282	3.249	3.236	3.243	3.271	3.318	3.384	3.466	3.564	3.674	3.794	3.925	4.067	4.163	4.211	4.307	4.440	4.586	4.741	4.892	5.052	5.215	5.379	5.531	5.362	5.197	5.021	4.859	4.686	4.515	4.365	4.178	4.024	3.861	3.683	3.558	3.364	3.204	3.046	2.883	2.729	2.570	2.415	2.266	2.106	1.957	1.803	1.655	1.510	1.364	1.229	1.088	0.962	0.830	0.712	0.600	0.490	0.405	0.321	0.248	0.197	0.163	0.139	0.132	0.140	0.179	0.208	0.249	0.304	0.369	0.446	0.533	0.628	0.720	0.819	0.926	1.041	1.152	1.266	1.387	1.511	1.631	1.756	1.885	2.011	2.138	2.267	2.396	2.522	2.648	2.773	2.898	3.024	3.159	3.304	3.442	3.543	3.660	3.778	3.893	4.003	4.107	4.202	4.293	4.423	4.579	4.754	4.941	5.137	5.340	
5.531	5.328	5.132	4.944	4.770	4.613	4.484	4.393	4.352	4.231	4.076	3.929	3.794	3.670	3.558	3.462	3.383	3.321	3.277	3.249	3.236	3.243	3.269	3.307	3.364	3.438	3.530	3.637	3.758	3.890	4.034	4.131	4.178	4.274	4.407	4.553	4.708	4.860	5.019	5.183	5.346	5.500	5.331	5.166	4.990	4.828	4.655	4.484	4.334	4.147	3.993	3.830	3.652	3.527	3.332	3.171	3.011	2.846	2.691	2.530	2.373	2.223	2.065	1.921	1.766	1.623	1.479	1.340	1.206	1.076	0.951	0.830	0.712	0.600	0.490	0.405	0.321	0.248	0.197	0.163	0.139	0.132	0.140	0.179	0.208	0.249	0.304	0.369	0.446	0.533	0.628	0.720	0.819	0.926	1.033	1.138	1.250	1.369	1.484	1.604	1.728	1.852	1.976	2.102	2.231	2.356	2.482	2.609	2.736	2.862	2.989	3.125	3.270	3.406	3.511	3.624	3.743	3.861	3.971	4.074	4.170	4.261	4.390	4.546	4.721	4.909	5.105	5.307	
5.377	5.174	4.978	4.790	4.616	4.459	4.330	4.239	4.198	4.165	4.050	3.905	3.770	3.646	3.535	3.440	3.361	3.300	3.257	3.235	3.229	3.232	3.249	3.286	3.342	3.416	3.507	3.614	3.734	3.866	4.009	4.104	4.152	4.248	4.381	4.527	4.682	4.833	4.993	5.156	5.320	5.346	5.178	5.013	4.836	4.674	4.501	4.330	4.180	3.994	3.839	3.676	3.499	3.375	3.226	3.065	2.924	2.802	2.665	2.503	2.346	2.194	2.036	1.891	1.734	1.591	1.444	1.303	1.165	1.031	0.901	0.780	0.658	0.562	0.450	0.360	0.298	0.237	0.186	0.152	0.134	0.127	0.134	0.153	0.184	0.225	0.279	0.345	0.421	0.501	0.581	0.672	0.772	0.880	0.986	1.095	1.211	1.333	1.450	1.571	1.697	1.822	1.947	2.075	2.205	2.330	2.457	2.585	2.712	2.838	2.965	3.100	3.245	3.382	3.484	3.600	3.719	3.834	3.944	4.048	4.143	4.234	4.364	4.520	4.695	4.882	5.078	5.281	
5.217	5.014	4.818	4.630	4.456	4.299	4.170	4.079	4.038	4.004	3.973	3.883	3.748	3.625	3.515	3.421	3.345	3.287	3.249	3.228	3.223	3.224	3.243	3.274	3.327	3.398	3.487	3.593	3.712	3.844	3.945	3.993	4.040	4.136	4.269	4.415	4.570	4.721	4.881	5.044	5.208	5.186	5.018	4.853	4.676	4.514	4.342	4.170	4.020	3.834	3.680	3.516	3.339	3.212	3.062	2.894	2.745	2.617	2.518	2.447	2.322	2.169	2.011	1.867	1.709	1.567	1.418	1.280	1.140	1.008	0.876	0.758	0.633	0.535	0.428	0.335	0.268	0.224	0.173	0.137	0.121	0.119	0.122	0.138	0.167	0.209	0.263	0.329	0.402	0.474	0.557	0.649	0.751	0.861	0.963	1.073	1.190	1.310	1.426	1.548	1.675	1.798	1.923	2.052	2.181	2.307	2.434	2.562	2.680	2.797	2.915	3.034	3.156	3.275	3.373	3.489	3.607	3.723	3.833	3.936	4.031	4.122	4.252	4.408	4.583	4.770	4.967	5.169	
5.066	4.863	4.667	4.479	4.305	4.148	4.019	3.928	3.887	3.851	3.818	3.803	3.740	3.617	3.507	3.413	3.336	3.279	3.243	3.228	3.224	3.225	3.237	3.267	3.318	3.389	3.479	3.584	3.704	3.778	3.841	3.885	3.932	4.028	4.162	4.308	4.463	4.614	4.774	4.937	5.100	5.035	4.866	4.702	4.525	4.363	4.190	4.019	3.869	3.682	3.528	3.365	3.188	3.057	2.905	2.730	2.574	2.437	2.332	2.253	2.164	2.086	2.001	1.856	1.697	1.554	1.405	1.265	1.125	0.992	0.860	0.744	0.616	0.517	0.417	0.320	0.251	0.205	0.175	0.132	0.125	0.124	0.125	0.139	0.167	0.208	0.262	0.322	0.384	0.457	0.540	0.634	0.737	0.845	0.947	1.058	1.176	1.296	1.413	1.535	1.663	1.787	1.912	2.011	2.104	2.197	2.309	2.429	2.554	2.682	2.804	2.926	3.050	3.167	3.265	3.381	3.500	3.615	3.725	3.828	3.924	4.015	4.144	4.301	4.475	4.663	4.859	5.062	
4.922	4.719	4.523	4.335	4.161	4.004	3.875	3.784	3.743	3.705	3.671	3.655	3.654	3.627	3.518	3.424	3.348	3.292	3.255	3.241	3.240	3.240	3.249	3.279	3.330	3.401	3.490	3.589	3.637	3.689	3.743	3.784	3.832	3.928	4.061	4.207	4.362	4.513	4.673	4.836	5.000	4.891	4.722	4.557	4.381	4.219	4.046	3.875	3.725	3.538	3.384	3.221	3.043	2.910	2.750	2.574	2.409	2.266	2.152	2.067	1.973	1.889	1.824	1.767	1.716	1.573	1.427	1.288	1.151	1.022	0.893	0.782	0.662	0.571	0.482	0.402	0.349	0.317	0.299	0.281	0.272	0.271	0.272	0.279	0.294	0.319	0.356	0.403	0.454	0.517	0.593	0.679	0.776	0.879	0.978	1.085	1.200	1.319	1.415	1.506	1.593	1.685	1.775	1.867	1.962	2.061	2.179	2.305	2.436	2.570	2.702	2.828	2.950	3.067	3.164	3.281	3.399	3.514	3.624	3.728	3.823	3.914	4.044	4.200	4.375	4.562	4.758	4.961	
4.788	4.585	4.389	4.202	4.027	3.871	3.741	3.650	3.609	3.570	3.534	3.517	3.516	3.516	3.516	3.456	3.381	3.325	3.289	3.275	3.274	3.275	3.283	3.313	3.363	3.433	3.490	3.516	3.528	3.560	3.610	3.653	3.700	3.796	3.929	4.075	4.230	4.382	4.541	4.705	4.868	4.758	4.589	4.424	4.247	4.086	3.913	3.742	3.592	3.405	3.251	3.087	2.910	2.773	2.605	2.427	2.254	2.103	1.981	1.889	1.790	1.698	1.629	1.565	1.508	1.469	1.430	1.350	1.220	1.098	0.980	0.880	0.775	0.699	0.628	0.569	0.492	0.420	0.371	0.338	0.317	0.300	0.299	0.313	0.341	0.376	0.416	0.468	0.525	0.584	0.655	0.720	0.796	0.869	0.950	1.028	1.113	1.194	1.282	1.367	1.456	1.545	1.638	1.732	1.833	1.939	2.062	2.193	2.330	2.469	2.585	2.698	2.817	2.935	3.033	3.149	3.267	3.383	3.493	3.596	3.692	3.783	3.912	4.068	4.243	4.431	4.627	4.829	
4.665	4.463	4.267	4.079	3.904	3.748	3.619	3.528	3.487	3.445	3.408	3.390	3.389	3.389	3.389	3.389	3.389	3.379	3.344	3.330	3.329	3.330	3.338	3.367	3.389	3.389	3.389	3.389	3.402	3.435	3.487	3.532	3.579	3.676	3.809	3.955	4.110	4.261	4.421	4.584	4.747	4.635	4.466	4.301	4.125	3.963	3.790	3.619	3.469	3.282	3.128	2.965	2.787	2.648	2.470	2.292	2.110	1.950	1.820	1.719	1.614	1.516	1.439	1.367	1.306	1.261	1.216	1.184	1.163	1.150	1.107	1.020	0.929	0.821	0.719	0.640	0.551	0.488	0.430	0.382	0.350	0.318	0.300	0.298	0.310	0.325	0.353	0.394	0.441	0.491	0.553	0.614	0.682	0.755	0.828	0.906	0.984	1.066	1.149	1.234	1.322	1.418	1.514	1.614	1.722	1.834	1.963	2.100	2.227	2.342	2.458	2.575	2.696	2.815	2.912	3.028	3.147	3.262	3.372	3.475	3.571	3.662	3.791	3.948	4.122	4.310	4.506	4.709	
4.555	4.352	4.156	3.969	3.794	3.638	3.508	3.417	3.376	3.333	3.294	3.275	3.274	3.274	3.274	3.274	3.274	3.274	3.274	3.274	3.274	3.274	3.274	3.274	3.274	3.274	3.274	3.274	3.287	3.322	3.377	3.423	3.471	3.567	3.700	3.846	4.001	4.152	4.312	4.475	4.639	4.525	4.356	4.191	4.014	3.853	3.680	3.508	3.359	3.172	3.018	2.854	2.677	2.533	2.348	2.169	1.979	1.810	1.671	1.563	1.450	1.344	1.262	1.179	1.110	1.061	1.007	0.970	0.947	0.931	0.920	0.912	0.908	0.907	0.824	0.738	0.663	0.585	0.525	0.458	0.413	0.364	0.331	0.313	0.299	0.298	0.312	0.340	0.371	0.411	0.464	0.519	0.578	0.648	0.713	0.790	0.862	0.943	1.027	1.113	1.209	1.313	1.412	1.519	1.633	1.750	1.863	1.980	2.102	2.221	2.342	2.463	2.586	2.706	2.804	2.920	3.038	3.153	3.264	3.367	3.462	3.553	3.683	3.839	4.014	4.201	4.397	4.600	
4.458	4.256	4.059	3.872	3.697	3.541	3.412	3.321	3.280	3.235	3.194	3.175	3.173	3.173	3.173	3.173	3.173	3.173	3.173	3.173	3.173	3.173	3.173	3.173	3.173	3.173	3.173	3.174	3.187	3.223	3.280	3.329	3.376	3.472	3.605	3.751	3.906	4.058	4.217	4.380	4.544	4.428	4.259	4.094	3.918	3.756	3.583	3.412	3.262	3.075	2.921	2.758	2.580	2.434	2.240	2.060	1.862	1.686	1.538	1.421	1.301	1.187	1.098	1.001	0.926	0.867	0.804	0.762	0.734	0.718	0.703	0.693	0.687	0.687	0.687	0.687	0.687	0.687	0.626	0.555	0.493	0.435	0.387	0.353	0.319	0.301	0.300	0.307	0.321	0.350	0.391	0.435	0.486	0.548	0.609	0.678	0.757	0.844	0.929	1.023	1.125	1.232	1.328	1.423	1.526	1.629	1.742	1.863	1.989	2.115	2.241	2.366	2.491	2.611	2.709	2.825	2.943	3.059	3.169	3.272	3.368	3.459	3.588	3.744	3.919	4.106	4.303	4.505	
4.377	4.175	3.978	3.791	3.616	3.460	3.330	3.239	3.199	3.152	3.110	3.090	3.088	3.088	3.088	3.088	3.088	3.088	3.088	3.088	3.088	3.088	3.088	3.088	3.088	3.088	3.088	3.089	3.103	3.140	3.199	3.249	3.296	3.393	3.526	3.672	3.827	3.978	4.138	4.301	4.464	4.347	4.178	4.013	3.836	3.675	3.502	3.331	3.181	2.994	2.840	2.677	2.499	2.350	2.148	1.964	1.763	1.578	1.423	1.298	1.169	1.048	0.951	0.840	0.757	0.683	0.613	0.562	0.530	0.509	0.489	0.477	0.471	0.471	0.471	0.471	0.471	0.471	0.471	0.471	0.471	0.471	0.463	0.417	0.367	0.334	0.316	0.299	0.297	0.311	0.339	0.374	0.415	0.468	0.533	0.609	0.694	0.765	0.835	0.917	1.007	1.105	1.199	1.302	1.410	1.521	1.637	1.763	1.894	2.025	2.154	2.284	2.411	2.532	2.629	2.746	2.864	2.979	3.089	3.193	3.288	3.379	3.508	3.665	3.840	4.027	4.223	4.426	
4.311	4.109	3.913	3.725	3.550	3.394	3.265	3.174	3.133	3.085	3.041	3.021	3.019	3.019	3.019	3.019	3.019	3.019	3.019	3.019	3.019	3.019	3.019	3.019	3.019	3.019	3.019	3.019	3.034	3.073	3.133	3.185	3.232	3.328	3.461	3.607	3.762	3.914	4.073	4.237	4.400	4.281	4.112	3.947	3.771	3.609	3.436	3.265	3.115	2.928	2.774	2.611	2.433	2.282	2.076	1.884	1.682	1.491	1.329	1.198	1.060	0.933	0.823	0.703	0.613	0.519	0.437	0.378	0.341	0.310	0.284	0.268	0.261	0.260	0.260	0.260	0.260	0.260	0.260	0.260	0.260	0.260	0.260	0.260	0.260	0.260	0.260	0.260	0.260	0.266	0.279	0.299	0.329	0.367	0.417	0.476	0.548	0.618	0.696	0.786	0.884	0.990	1.093	1.202	1.315	1.434	1.553	1.682	1.817	1.953	2.085	2.218	2.345	2.467	2.565	2.681	2.799	2.915	3.025	3.128	3.224	3.315	3.444	3.600	3.775	3.963	4.159	4.361	
4.264	4.062	3.866	3.678	3.503	3.347	3.218	3.127	3.086	3.037	2.992	2.971	2.970	2.970	2.970	2.970	2.970	2.970	2.970	2.970	2.970	2.970	2.970	2.970	2.970	2.970	2.970	2.970	2.985	3.025	3.086	3.139	3.186	3.282	3.416	3.562	3.717	3.868	4.028	4.191	4.354	4.234	4.065	3.900	3.724	3.562	3.389	3.218	3.068	2.881	2.727	2.564	2.386	2.234	2.022	1.824	1.622	1.426	1.259	1.124	0.979	0.847	0.723	0.597	0.503	0.385	0.291	0.228	0.183	0.114	0.086	0.069	0.063	0.062	0.062	0.062	0.062	0.062	0.062	0.062	0.062	0.062	0.062	0.062	0.062	0.062	0.062	0.062	0.063	0.070	0.087	0.115	0.152	0.202	0.261	0.334	0.416	0.503	0.589	0.685	0.789	0.902	1.015	1.127	1.245	1.369	1.491	1.622	1.760	1.900	2.036	2.170	2.299	2.421	2.519	2.635	2.754	2.869	2.979	3.082	3.178	3.269	3.398	3.555	3.729	3.917	4.113	4.316	
4.235	4.033	3.836	3.649	3.474	3.318	3.188	3.097	3.057	3.007	2.962	2.941	2.939	2.939	2.939	2.939	2.939	2.939	2.939	2.939	2.939	2.939	2.939	2.939	2.939	2.939	2.939	2.939	2.954	2.994	3.057	3.110	3.158	3.254	3.387	3.533	3.688	3.839	3.999	4.162	4.326	4.205	4.036	3.871	3.695	3.533	3.360	3.189	3.039	2.852	2.698	2.535	2.357	2.203	1.988	1.787	1.585	1.386	1.216	1.078	0.929	0.794	0.660	0.530	0.427	0.295	0.198	0.101	0.028	-0.023	-0.058	-0.084	-0.098	-0.101	-0.101	-0.101	-0.101	-0.101	-0.101	-0.101	-0.101	-0.101	-0.101	-0.101	-0.101	-0.101	-0.101	-0.101	-0.097	-0.083	-0.058	-0.025	0.020	0.080	0.152	0.235	0.327	0.428	0.520	0.620	0.730	0.847	0.966	1.080	1.201	1.328	1.453	1.586	1.725	1.867	2.004	2.141	2.270	2.393	2.490	2.607	2.725	2.840	2.950	3.054	3.149	3.240	3.370	3.526	3.701	3.888	4.084	4.287	
4.225	4.022	3.826	3.638	3.464	3.307	3.178	3.087	3.046	2.996	2.951	2.929	2.928	2.928	2.928	2.928	2.928	2.928	2.928	2.928	2.928	2.928	2.928	2.928	2.928	2.928	2.928	2.928	2.943	2.984	3.047	3.100	3.147	3.243	3.377	3.523	3.678	3.829	3.989	4.152	4.315	4.194	4.026	3.861	3.684	3.522	3.349	3.178	3.028	2.842	2.687	2.524	2.347	2.192	1.976	1.775	1.573	1.373	1.200	1.062	0.910	0.775	0.638	0.507	0.397	0.262	0.153	0.056	-0.017	-0.073	-0.114	-0.149	-0.170	-0.176	-0.176	-0.176	-0.176	-0.176	-0.176	-0.176	-0.176	-0.176	-0.176	-0.176	-0.176	-0.176	-0.176	-0.176	-0.169	-0.146	-0.114	-0.074	-0.027	0.035	0.110	0.197	0.293	0.399	0.496	0.597	0.708	0.827	0.948	1.063	1.186	1.313	1.439	1.573	1.713	1.855	1.993	2.130	2.260	2.383	2.480	2.596	2.715	2.830	2.940	3.043	3.139	3.230	3.359	3.516	3.690	3.878	4.074	4.277	
4.234	4.032	3.836	3.648	3.473	3.317	3.188	3.097	3.056	3.006	2.961	2.940	2.938	2.938	2.938	2.938	2.938	2.938	2.938	2.938	2.938	2.938	2.938	2.938	2.938	2.938	2.938	2.938	2.954	2.994	3.056	3.110	3.157	3.253	3.386	3.532	3.687	3.838	3.998	4.161	4.325	4.204	4.035	3.870	3.694	3.532	3.359	3.188	3.038	2.851	2.697	2.534	2.356	2.202	1.987	1.786	1.584	1.385	1.214	1.077	0.927	0.793	0.659	0.528	0.424	0.292	0.195	0.098	0.024	-0.027	-0.063	-0.089	-0.104	-0.107	-0.107	-0.107	-0.107	-0.107	-0.107	-0.107	-0.107	-0.107	-0.107	-0.107	-0.107	-0.107	-0.107	-0.107	-0.103	-0.088	-0.062	-0.028	0.016	0.076	0.149	0.231	0.324	0.426	0.518	0.619	0.728	0.846	0.965	1.079	1.200	1.326	1.451	1.585	1.724	1.866	2.003	2.140	2.270	2.392	2.490	2.606	2.724	2.840	2.950	3.053	3.148	3.239	3.369	3.525	3.700	3.887	4.084	4.286	
4.263	4.060	3.864	3.676	3.502	3.345	3.216	3.125	3.084	3.035	2.990	2.970	2.968	2.968	2.968	2.968	2.968	2.968	2.968	2.968	2.968	2.968	2.968	2.968	2.968	2.968	2.968	2.968	2.983	3.023	3.085	3.137	3.184	3.281	3.414	3.560	3.715	3.866	4.026	4.189	4.352	4.232	4.064	3.899	3.722	3.560	3.388	3.216	3.066	2.880	2.726	2.562	2.385	2.232	2.020	1.822	1.620	1.424	1.256	1.121	0.976	0.844	0.719	0.593	0.499	0.380	0.286	0.223	0.148	0.107	0.078	0.061	0.054	0.054	0.054	0.054	0.054	0.054	0.054	0.054	0.054	0.054	0.054	0.054	0.054	0.054	0.054	0.054	0.055	0.062	0.080	0.108	0.145	0.195	0.255	0.328	0.411	0.499	0.585	0.681	0.786	0.899	1.012	1.124	1.242	1.366	1.488	1.620	1.758	1.898	2.034	2.169	2.297	2.420	2.517	2.634	2.752	2.867	2.977	3.081	3.176	3.267	3.396	3.553	3.728	3.915	4.111	4.314	
4.291	4.088	3.892	3.705	3.531	3.374	3.245	3.155	3.114	3.066	3.021	3.001	2.999	2.999	2.999	2.999	2.999	2.999	2.999	2.999	2.999	2.999	2.999	2.999	2.999	2.999	2.999	3.000	3.014	3.053	3.115	3.166	3.214	3.310	3.442	3.588	3.743	3.894	4.054	4.217	4.380	4.260	4.092	3.927	3.751	3.589	3.417	3.246	3.096	2.910	2.758	2.597	2.426	2.280	2.067	1.870	1.692	1.534	1.357	1.210	1.093	0.969	0.852	0.730	0.637	0.534	0.446	0.386	0.345	0.306	0.278	0.259	0.250	0.250	0.250	0.250	0.250	0.250	0.250	0.250	0.250	0.250	0.250	0.250	0.250	0.250	0.250	0.250	0.250	0.256	0.271	0.294	0.326	0.370	0.423	0.489	0.564	0.641	0.723	0.815	0.916	1.026	1.133	1.242	1.358	1.479	1.586	1.703	1.829	1.961	2.099	2.239	2.357	2.462	2.554	2.667	2.784	2.898	3.007	3.110	3.205	3.296	3.425	3.581	3.756	3.943	4.139	4.341	
4.311	4.111	3.918	3.734	3.563	3.411	3.287	3.200	3.161	3.113	3.069	3.048	3.046	3.046	3.046	3.046	3.046	3.046	3.046	3.046	3.046	3.046	3.046	3.046	3.046	3.046	3.046	3.047	3.062	3.101	3.162	3.214	3.258	3.350	3.479	3.620	3.772	3.920	4.078	4.239	4.400	4.281	4.115	3.952	3.779	3.620	3.452	3.287	3.144	2.971	2.833	2.699	2.574	2.377	2.181	2.000	1.835	1.668	1.528	1.413	1.305	1.196	1.079	0.957	0.864	0.761	0.673	0.613	0.572	0.533	0.505	0.486	0.477	0.477	0.477	0.477	0.477	0.477	0.477	0.477	0.477	0.477	0.477	0.477	0.477	0.477	0.477	0.477	0.477	0.483	0.498	0.521	0.553	0.597	0.650	0.716	0.791	0.868	0.950	1.042	1.143	1.253	1.360	1.469	1.576	1.673	1.780	1.897	2.020	2.149	2.282	2.419	2.555	2.623	2.680	2.765	2.862	2.964	3.064	3.160	3.250	3.337	3.462	3.614	3.784	3.968	4.162	4.362	
4.356	4.161	3.973	3.795	3.632	3.489	3.372	3.293	3.257	3.209	3.165	3.144	3.143	3.143	3.143	3.143	3.143	3.143	3.143	3.143	3.143	3.143	3.143	3.143	3.143	3.143	3.143	3.143	3.158	3.197	3.258	3.310	3.350	3.435	3.555	3.689	3.834	3.977	4.129	4.286	4.444	4.327	4.164	4.006	3.838	3.687	3.527	3.373	3.242	3.088	2.973	2.868	2.685	2.499	2.317	2.153	1.988	1.848	1.717	1.599	1.509	1.422	1.306	1.184	1.091	0.988	0.900	0.840	0.799	0.760	0.732	0.713	0.704	0.704	0.704	0.704	0.704	0.704	0.704	0.704	0.704	0.704	0.704	0.704	0.704	0.704	0.704	0.704	0.704	0.710	0.725	0.748	0.780	0.824	0.877	0.943	1.018	1.094	1.177	1.268	1.370	1.480	1.587	1.696	1.782	1.875	1.979	2.091	2.210	2.335	2.464	2.597	2.732	2.820	2.870	2.930	3.006	3.090	3.176	3.261	3.343	3.423	3.539	3.683	3.846	4.023	4.211	4.407	
4.424	4.235	4.055	3.886	3.732	3.599	3.493	3.422	3.390	3.342	3.298	3.277	3.276	3.276	3.276	3.276	3.276	3.276	3.276	3.276	3.276	3.276	3.276	3.276	3.276	3.276	3.276	3.276	3.291	3.330	3.391	3.442	3.479	3.555	3.664	3.789	3.925	4.061	4.207	4.358	4.511	4.395	4.238	4.086	3.926	3.783	3.635	3.494	3.377	3.244	3.148	2.999	2.818	2.637	2.474	2.308	2.169	2.028	1.911	1.805	1.714	1.648	1.533	1.411	1.318	1.215	1.127	1.067	1.026	0.987	0.959	0.940	0.931	0.931	0.931	0.931	0.931	0.931	0.931	0.931	0.931	0.931	0.931	0.931	0.931	0.931	0.931	0.931	0.931	0.937	0.952	0.975	1.007	1.051	1.104	1.169	1.245	1.321	1.404	1.495	1.597	1.707	1.814	1.918	1.996	2.082	2.178	2.284	2.399	2.521	2.647	2.778	2.912	3.021	3.079	3.125	3.184	3.253	3.326	3.400	3.472	3.544	3.650	3.783	3.936	4.105	4.285	4.474	
4.512	4.331	4.160	4.001	3.858	3.736	3.641	3.577	3.549	3.501	3.457	3.436	3.435	3.435	3.435	3.435	3.435	3.435	3.435	3.435	3.435	3.435	3.435	3.435	3.435	3.435	3.435	3.435	3.450	3.489	3.550	3.601	3.633	3.701	3.800	3.914	4.041	4.168	4.306	4.450	4.597	4.485	4.334	4.190	4.039	3.905	3.769	3.641	3.537	3.422	3.316	3.134	2.957	2.794	2.629	2.485	2.344	2.225	2.106	2.016	1.928	1.861	1.760	1.638	1.545	1.442	1.354	1.294	1.253	1.214	1.186	1.167	1.158	1.158	1.158	1.158	1.158	1.158	1.158	1.158	1.158	1.158	1.158	1.158	1.158	1.158	1.158	1.158	1.158	1.164	1.179	1.202	1.234	1.278	1.331	1.396	1.472	1.548	1.631	1.722	1.824	1.934	2.041	2.129	2.202	2.287	2.381	2.485	2.598	2.714	2.836	2.963	3.095	3.230	3.284	3.332	3.381	3.438	3.500	3.564	3.627	3.691	3.787	3.909	4.051	4.210	4.381	4.562	
4.618	4.446	4.284	4.136	4.004	3.893	3.807	3.750	3.726	3.678	3.634	3.613	3.611	3.611	3.611	3.611	3.611	3.611	3.611	3.611	3.611	3.611	3.611	3.611	3.611	3.611	3.611	3.612	3.627	3.665	3.727	3.777	3.806	3.866	3.956	4.060	4.177	4.295	4.425	4.562	4.702	4.592	4.449	4.313	4.171	4.048	3.922	3.807	3.715	3.615	3.452	3.277	3.114	2.950	2.803	2.662	2.533	2.415	2.311	2.220	2.147	2.079	1.987	1.865	1.772	1.669	1.581	1.521	1.480	1.441	1.412	1.394	1.385	1.385	1.385	1.385	1.385	1.385	1.385	1.385	1.385	1.385	1.385	1.385	1.385	1.385	1.385	1.385	1.385	1.391	1.406	1.429	1.461	1.505	1.558	1.623	1.699	1.775	1.858	1.949	2.051	2.161	2.268	2.343	2.416	2.499	2.590	2.685	2.791	2.905	3.026	3.152	3.282	3.414	3.491	3.545	3.587	3.635	3.689	3.744	3.801	3.857	3.944	4.055	4.186	4.335	4.497	4.669	
4.741	4.578	4.426	4.287	4.166	4.065	3.987	3.936	3.914	3.867	3.822	3.802	3.800	3.800	3.800	3.800	3.800	3.800	3.800	3.800	3.800	3.800	3.800	3.800	3.800	3.800	3.800	3.800	3.815	3.854	3.915	3.966	3.991	4.045	4.126	4.221	4.329	4.439	4.561	4.690	4.823	4.716	4.580	4.452	4.320	4.206	4.091	3.987	3.905	3.771	3.598	3.434	3.271	3.121	2.981	2.846	2.729	2.613	2.523	2.431	2.365	2.300	2.214	2.092	1.999	1.896	1.808	1.748	1.707	1.668	1.639	1.621	1.612	1.612	1.612	1.612	1.612	1.612	1.612	1.612	1.612	1.612	1.612	1.612	1.612	1.612	1.612	1.612	1.612	1.618	1.633	1.656	1.688	1.731	1.784	1.850	1.926	2.002	2.085	2.176	2.278	2.388	2.495	2.562	2.633	2.709	2.794	2.888	2.993	3.102	3.217	3.339	3.465	3.596	3.699	3.747	3.797	3.841	3.887	3.937	3.986	4.037	4.115	4.216	4.338	4.476	4.628	4.791	
4.877	4.723	4.580	4.452	4.340	4.247	4.177	4.131	4.111	4.064	4.019	3.999	3.997	3.997	3.997	3.997	3.997	3.997	3.997	3.997	3.997	3.997	3.997	3.997	3.997	3.997	3.997	3.997	4.012	4.051	4.112	4.163	4.185	4.234	4.307	4.394	4.494	4.596	4.710	4.832	4.958	4.854	4.725	4.605	4.482	4.376	4.271	4.177	4.090	3.918	3.755	3.592	3.440	3.300	3.161	3.040	2.922	2.818	2.727	2.646	2.579	2.522	2.441	2.319	2.226	2.123	2.035	1.974	1.934	1.895	1.866	1.848	1.839	1.838	1.838	1.838	1.838	1.838	1.838	1.838	1.838	1.838	1.838	1.838	1.838	1.838	1.838	1.838	1.839	1.845	1.860	1.883	1.915	1.958	2.011	2.077	2.153	2.229	2.312	2.403	2.505	2.615	2.722	2.782	2.846	2.919	3.004	3.097	3.193	3.298	3.412	3.532	3.654	3.781	3.912	3.954	3.999	4.045	4.093	4.137	4.181	4.227	4.297	4.390	4.502	4.631	4.773	4.928	
5.025	4.879	4.746	4.626	4.523	4.438	4.374	4.332	4.314	4.267	4.222	4.202	4.200	4.200	4.200	4.200	4.200	4.200	4.200	4.200	4.200	4.200	4.200	4.200	4.200	4.200	4.200	4.201	4.215	4.254	4.316	4.366	4.386	4.430	4.497	4.577	4.669	4.764	4.871	4.985	5.104	5.003	4.882	4.769	4.654	4.556	4.460	4.374	4.239	4.075	3.913	3.760	3.620	3.478	3.351	3.233	3.121	3.028	2.936	2.863	2.796	2.745	2.668	2.546	2.453	2.350	2.262	2.201	2.161	2.122	2.093	2.075	2.066	2.065	2.065	2.065	2.065	2.065	2.065	2.065	2.065	2.065	2.065	2.065	2.065	2.065	2.065	2.065	2.066	2.072	2.087	2.110	2.142	2.185	2.238	2.304	2.380	2.456	2.539	2.630	2.732	2.842	2.946	3.001	3.061	3.134	3.216	3.301	3.396	3.500	3.608	3.722	3.844	3.970	4.098	4.166	4.207	4.248	4.303	4.342	4.382	4.424	4.488	4.573	4.677	4.796	4.930	5.076	
