dim: 128 x 40 x 71
axis=2 slice=17

6.385	6.242	6.112	5.995	5.895	5.813	5.751	5.711	5.694	5.573	5.416	5.267	5.128	5.000	4.883	4.781	4.694	4.623	4.571	4.538	4.525	4.532	4.560	4.607	4.672	4.755	4.853	4.957	5.074	5.195	5.328	5.466	5.489	5.532	5.597	5.681	5.774	5.879	5.987	6.104	6.227	6.356	6.270	6.145	6.034	5.921	5.818	5.730	5.639	5.570	5.506	5.424	5.299	5.169	5.042	4.914	4.799	4.697	4.598	4.509	4.437	4.295	4.145	3.992	3.842	3.700	3.551	3.419	3.274	3.150	3.013	2.900	2.775	2.672	2.570	2.479	2.413	2.346	2.296	2.262	2.245	2.243	2.255	2.270	2.298	2.340	2.394	2.459	2.536	2.617	2.700	2.793	2.894	3.000	3.104	3.215	3.333	3.449	3.567	3.691	3.816	3.939	4.066	4.196	4.285	4.320	4.358	4.400	4.448	4.498	4.549	4.600	4.664	4.744	4.841	4.951	5.075	5.210	5.356	5.426	5.476	5.526	5.588	5.670	5.770	5.887	6.017	6.159	
6.242	6.092	5.953	5.829	5.721	5.632	5.565	5.521	5.503	5.381	5.224	5.076	4.936	4.808	4.692	4.589	4.502	4.432	4.380	4.346	4.333	4.341	4.368	4.415	4.481	4.563	4.662	4.771	4.889	5.017	5.149	5.278	5.300	5.347	5.417	5.508	5.608	5.720	5.834	5.958	6.088	6.223	6.122	5.989	5.871	5.749	5.638	5.542	5.442	5.366	5.294	5.236	5.108	4.981	4.843	4.715	4.599	4.489	4.386	4.297	4.223	4.068	3.918	3.765	3.615	3.473	3.324	3.192	3.047	2.923	2.786	2.673	2.548	2.445	2.343	2.252	2.186	2.119	2.069	2.036	2.018	2.016	2.028	2.043	2.071	2.113	2.167	2.232	2.309	2.390	2.473	2.566	2.667	2.773	2.877	2.988	3.106	3.222	3.340	3.464	3.589	3.712	3.839	3.969	4.064	4.101	4.141	4.189	4.241	4.297	4.353	4.408	4.472	4.552	4.649	4.760	4.884	5.019	5.164	5.231	5.286	5.340	5.407	5.496	5.604	5.728	5.867	6.017	
6.112	5.953	5.807	5.674	5.558	5.461	5.388	5.340	5.319	5.198	5.041	4.892	4.753	4.625	4.508	4.406	4.319	4.248	4.196	4.163	4.150	4.158	4.185	4.232	4.297	4.380	4.478	4.591	4.713	4.841	4.981	5.095	5.119	5.170	5.247	5.345	5.453	5.572	5.694	5.825	5.962	6.102	5.985	5.844	5.718	5.588	5.468	5.363	5.253	5.167	5.087	5.021	4.923	4.789	4.650	4.522	4.399	4.281	4.177	4.089	4.002	3.841	3.691	3.538	3.388	3.246	3.097	2.965	2.820	2.696	2.559	2.446	2.321	2.218	2.116	2.025	1.959	1.892	1.842	1.809	1.791	1.789	1.801	1.816	1.844	1.886	1.940	2.005	2.082	2.163	2.246	2.339	2.440	2.546	2.650	2.761	2.879	2.995	3.114	3.237	3.362	3.485	3.612	3.742	3.845	3.882	3.928	3.982	4.040	4.100	4.163	4.225	4.289	4.369	4.466	4.577	4.701	4.835	4.981	5.043	5.103	5.163	5.236	5.333	5.449	5.581	5.728	5.887	
5.995	5.829	5.674	5.532	5.408	5.303	5.223	5.170	5.147	5.026	4.869	4.720	4.581	4.452	4.336	4.234	4.147	4.076	4.024	3.991	3.978	3.985	4.013	4.059	4.125	4.208	4.306	4.418	4.544	4.677	4.817	4.923	4.949	5.006	5.089	5.196	5.312	5.439	5.568	5.706	5.849	5.995	5.862	5.714	5.580	5.440	5.310	5.195	5.073	4.977	4.885	4.810	4.734	4.605	4.466	4.326	4.197	4.079	3.975	3.877	3.775	3.614	3.464	3.311	3.161	3.019	2.870	2.738	2.593	2.469	2.332	2.219	2.094	1.991	1.889	1.798	1.732	1.665	1.615	1.582	1.564	1.562	1.574	1.589	1.617	1.659	1.713	1.778	1.855	1.936	2.019	2.112	2.213	2.319	2.423	2.534	2.652	2.768	2.887	3.010	3.135	3.258	3.385	3.515	3.624	3.667	3.720	3.776	3.839	3.907	3.977	4.048	4.117	4.197	4.294	4.404	4.528	4.663	4.798	4.865	4.932	4.997	5.078	5.182	5.307	5.449	5.604	5.770	
5.895	5.721	5.558	5.408	5.274	5.161	5.073	5.015	4.990	4.868	4.712	4.563	4.423	4.295	4.179	4.076	3.989	3.919	3.867	3.833	3.820	3.828	3.855	3.902	3.968	4.050	4.149	4.261	4.386	4.523	4.669	4.766	4.795	4.857	4.948	5.064	5.187	5.322	5.458	5.602	5.752	5.903	5.756	5.600	5.458	5.308	5.168	5.043	4.908	4.799	4.694	4.605	4.551	4.418	4.273	4.133	4.004	3.886	3.769	3.663	3.548	3.387	3.237	3.084	2.934	2.792	2.643	2.511	2.366	2.242	2.105	1.992	1.867	1.764	1.662	1.571	1.505	1.438	1.388	1.355	1.337	1.335	1.347	1.362	1.390	1.432	1.486	1.551	1.628	1.709	1.792	1.885	1.986	2.092	2.196	2.307	2.425	2.541	2.660	2.783	2.908	3.031	3.158	3.288	3.405	3.456	3.511	3.575	3.648	3.724	3.802	3.883	3.959	4.040	4.136	4.247	4.371	4.506	4.626	4.701	4.776	4.848	4.936	5.049	5.182	5.333	5.496	5.670	
5.813	5.632	5.461	5.303	5.161	5.039	4.944	4.881	4.853	4.731	4.575	4.426	4.287	4.158	4.042	3.939	3.852	3.782	3.730	3.696	3.683	3.691	3.718	3.765	3.831	3.913	4.012	4.124	4.249	4.386	4.532	4.629	4.661	4.729	4.827	4.952	5.083	5.225	5.368	5.518	5.672	5.827	5.669	5.506	5.357	5.198	5.047	4.911	4.762	4.639	4.517	4.410	4.344	4.238	4.095	3.954	3.812	3.682	3.562	3.457	3.321	3.160	3.010	2.857	2.707	2.565	2.416	2.284	2.139	2.015	1.879	1.765	1.640	1.537	1.435	1.344	1.278	1.211	1.161	1.128	1.110	1.108	1.120	1.135	1.163	1.205	1.259	1.324	1.401	1.482	1.565	1.658	1.759	1.865	1.969	2.080	2.198	2.314	2.433	2.556	2.681	2.804	2.931	3.061	3.187	3.245	3.309	3.382	3.461	3.548	3.638	3.729	3.818	3.903	3.999	4.110	4.234	4.369	4.473	4.557	4.640	4.719	4.814	4.936	5.078	5.236	5.407	5.588	
5.751	5.565	5.388	5.223	5.073	4.944	4.842	4.773	4.743	4.622	4.465	4.316	4.177	4.048	3.932	3.830	3.742	3.672	3.620	3.587	3.574	3.581	3.608	3.655	3.721	3.804	3.902	4.014	4.140	4.276	4.422	4.520	4.554	4.627	4.733	4.865	5.003	5.151	5.299	5.454	5.613	5.766	5.602	5.434	5.279	5.112	4.953	4.806	4.643	4.506	4.364	4.235	4.151	4.055	3.913	3.762	3.620	3.490	3.370	3.245	3.094	2.933	2.783	2.630	2.480	2.338	2.189	2.057	1.912	1.788	1.652	1.539	1.413	1.310	1.208	1.117	1.051	0.984	0.934	0.901	0.883	0.881	0.893	0.908	0.936	0.978	1.032	1.097	1.174	1.255	1.338	1.431	1.532	1.638	1.742	1.853	1.971	2.087	2.206	2.329	2.454	2.577	2.704	2.834	2.960	3.041	3.112	3.197	3.287	3.385	3.489	3.594	3.697	3.793	3.890	4.000	4.124	4.252	4.347	4.441	4.532	4.617	4.719	4.848	4.997	5.163	5.340	5.526	
5.711	5.521	5.340	5.170	5.015	4.881	4.773	4.700	4.669	4.547	4.390	4.241	4.102	3.974	3.857	3.755	3.668	3.597	3.545	3.512	3.499	3.506	3.534	3.581	3.646	3.729	3.827	3.940	4.065	4.201	4.348	4.445	4.482	4.559	4.670	4.807	4.950	5.103	5.254	5.413	5.574	5.726	5.559	5.387	5.228	5.055	4.889	4.735	4.561	4.411	4.251	4.098	3.989	3.848	3.747	3.599	3.447	3.304	3.172	3.018	2.867	2.706	2.556	2.403	2.253	2.111	1.962	1.830	1.685	1.561	1.425	1.312	1.186	1.083	0.981	0.890	0.824	0.757	0.707	0.674	0.656	0.654	0.666	0.681	0.709	0.751	0.805	0.870	0.947	1.028	1.111	1.204	1.305	1.411	1.515	1.626	1.744	1.861	1.979	2.102	2.227	2.351	2.477	2.607	2.733	2.841	2.928	3.022	3.125	3.240	3.359	3.481	3.603	3.716	3.815	3.926	4.049	4.154	4.259	4.361	4.458	4.548	4.655	4.790	4.945	5.115	5.296	5.486	
5.694	5.503	5.319	5.147	4.990	4.853	4.743	4.669	4.636	4.514	4.357	4.208	4.069	3.941	3.825	3.722	3.635	3.564	3.512	3.479	3.466	3.474	3.501	3.548	3.614	3.696	3.794	3.907	4.032	4.168	4.315	4.412	4.450	4.530	4.643	4.783	4.928	5.082	5.235	5.395	5.558	5.709	5.541	5.367	5.206	5.031	4.862	4.704	4.525	4.368	4.199	4.029	3.902	3.702	3.582	3.423	3.270	3.112	2.951	2.791	2.640	2.479	2.329	2.177	2.026	1.884	1.735	1.603	1.458	1.334	1.198	1.085	0.959	0.856	0.754	0.663	0.597	0.530	0.480	0.447	0.429	0.427	0.439	0.454	0.482	0.524	0.578	0.644	0.720	0.801	0.884	0.977	1.078	1.184	1.288	1.399	1.517	1.634	1.752	1.875	2.000	2.124	2.250	2.380	2.506	2.634	2.755	2.870	2.995	3.123	3.262	3.407	3.514	3.636	3.764	3.887	3.998	4.110	4.220	4.325	4.425	4.518	4.628	4.765	4.922	5.094	5.277	5.469	
5.692	5.500	5.317	5.145	4.988	4.851	4.741	4.666	4.633	4.511	4.355	4.206	4.066	3.938	3.822	3.719	3.632	3.561	3.509	3.476	3.463	3.470	3.498	3.545	3.611	3.693	3.792	3.904	4.029	4.166	4.312	4.410	4.448	4.527	4.640	4.780	4.926	5.080	5.233	5.393	5.556	5.707	5.539	5.365	5.204	5.029	4.860	4.702	4.522	4.365	4.196	4.026	3.897	3.694	3.570	3.384	3.219	3.061	2.900	2.740	2.589	2.428	2.278	2.125	1.975	1.832	1.683	1.551	1.406	1.281	1.145	1.031	0.905	0.802	0.699	0.607	0.540	0.472	0.421	0.387	0.369	0.367	0.379	0.394	0.423	0.466	0.521	0.587	0.665	0.746	0.830	0.923	1.025	1.131	1.235	1.347	1.465	1.581	1.700	1.824	1.949	2.072	2.199	2.329	2.455	2.583	2.712	2.836	2.963	3.102	3.250	3.401	3.506	3.631	3.760	3.884	3.995	4.107	4.217	4.323	4.423	4.516	4.625	4.762	4.920	5.092	5.275	5.467	
5.692	5.500	5.317	5.145	4.988	4.851	4.741	4.666	4.633	4.511	4.355	4.206	4.066	3.938	3.822	3.719	3.632	3.561	3.509	3.476	3.463	3.470	3.498	3.545	3.611	3.693	3.791	3.904	4.029	4.166	4.312	4.410	4.448	4.527	4.640	4.780	4.926	5.080	5.233	5.393	5.556	5.707	5.539	5.365	5.204	5.029	4.860	4.702	4.522	4.365	4.196	4.026	3.897	3.694	3.570	3.384	3.219	3.061	2.900	2.740	2.589	2.428	2.278	2.125	1.975	1.832	1.683	1.551	1.406	1.281	1.144	1.031	0.905	0.802	0.699	0.607	0.540	0.472	0.421	0.387	0.369	0.367	0.379	0.394	0.423	0.466	0.520	0.587	0.664	0.746	0.830	0.923	1.024	1.131	1.235	1.347	1.465	1.581	1.700	1.823	1.949	2.072	2.199	2.329	2.455	2.583	2.712	2.836	2.963	3.102	3.250	3.401	3.506	3.631	3.760	3.884	3.995	4.107	4.217	4.323	4.423	4.516	4.625	4.762	4.920	5.092	5.275	5.467	
5.692	5.500	5.317	5.145	4.988	4.851	4.741	4.666	4.633	4.511	4.355	4.206	4.066	3.938	3.822	3.719	3.632	3.561	3.509	3.476	3.463	3.470	3.498	3.545	3.610	3.693	3.791	3.904	4.029	4.166	4.312	4.410	4.448	4.527	4.640	4.780	4.926	5.080	5.233	5.393	5.556	5.707	5.539	5.365	5.204	5.029	4.860	4.702	4.522	4.365	4.196	4.026	3.897	3.694	3.570	3.384	3.219	3.061	2.900	2.740	2.589	2.428	2.278	2.125	1.975	1.832	1.683	1.551	1.406	1.281	1.144	1.031	0.905	0.802	0.699	0.607	0.540	0.472	0.421	0.387	0.369	0.367	0.379	0.394	0.423	0.466	0.520	0.587	0.664	0.746	0.830	0.923	1.024	1.131	1.235	1.347	1.465	1.581	1.700	1.823	1.949	2.072	2.199	2.329	2.455	2.583	2.712	2.836	2.963	3.102	3.250	3.401	3.506	3.631	3.760	3.884	3.995	4.107	4.217	4.323	4.423	4.516	4.625	4.762	4.920	5.092	5.275	5.467	
5.692	5.500	5.317	5.145	4.988	4.851	4.741	4.666	4.633	4.511	4.355	4.206	4.066	3.938	3.822	3.719	3.632	3.561	3.509	3.476	3.463	3.470	3.498	3.545	3.610	3.693	3.791	3.904	4.029	4.166	4.312	4.410	4.448	4.527	4.640	4.780	4.926	5.080	5.233	5.393	5.556	5.707	5.539	5.365	5.204	5.029	4.860	4.702	4.522	4.365	4.196	4.026	3.897	3.694	3.570	3.384	3.219	3.061	2.900	2.740	2.589	2.428	2.278	2.125	1.975	1.832	1.683	1.551	1.406	1.281	1.144	1.031	0.905	0.802	0.699	0.607	0.540	0.472	0.421	0.387	0.369	0.367	0.379	0.394	0.423	0.466	0.520	0.587	0.664	0.746	0.830	0.923	1.024	1.131	1.235	1.347	1.465	1.581	1.700	1.823	1.949	2.072	2.199	2.329	2.455	2.583	2.712	2.836	2.963	3.102	3.250	3.401	3.506	3.631	3.760	3.884	3.995	4.107	4.217	4.323	4.423	4.516	4.625	4.762	4.920	5.092	5.275	5.467	
5.692	5.500	5.317	5.145	4.988	4.851	4.741	4.666	4.633	4.511	4.355	4.206	4.066	3.938	3.822	3.719	3.632	3.561	3.509	3.476	3.463	3.470	3.498	3.545	3.610	3.693	3.791	3.904	4.029	4.166	4.312	4.410	4.448	4.527	4.640	4.780	4.926	5.080	5.233	5.393	5.556	5.707	5.539	5.365	5.204	5.029	4.860	4.702	4.522	4.365	4.196	4.026	3.897	3.694	3.570	3.384	3.219	3.061	2.900	2.740	2.589	2.428	2.278	2.125	1.975	1.832	1.683	1.551	1.406	1.281	1.144	1.031	0.905	0.802	0.699	0.607	0.540	0.472	0.421	0.387	0.369	0.367	0.379	0.394	0.423	0.466	0.520	0.587	0.664	0.746	0.830	0.923	1.024	1.131	1.235	1.347	1.465	1.581	1.700	1.823	1.949	2.072	2.199	2.329	2.455	2.583	2.712	2.836	2.963	3.102	3.250	3.401	3.506	3.631	3.760	3.884	3.995	4.107	4.217	4.323	4.423	4.516	4.625	4.762	4.920	5.092	5.275	5.467	
5.668	5.477	5.293	5.121	4.964	4.827	4.717	4.642	4.609	4.489	4.336	4.191	4.056	3.933	3.821	3.719	3.632	3.561	3.509	3.476	3.463	3.470	3.498	3.545	3.610	3.693	3.791	3.901	4.021	4.152	4.294	4.390	4.428	4.507	4.620	4.760	4.906	5.060	5.213	5.373	5.536	5.683	5.515	5.341	5.180	5.005	4.836	4.678	4.498	4.342	4.172	4.002	3.873	3.670	3.548	3.362	3.200	3.045	2.886	2.730	2.581	2.425	2.277	2.125	1.975	1.832	1.683	1.551	1.406	1.281	1.144	1.031	0.905	0.802	0.699	0.607	0.540	0.472	0.421	0.387	0.369	0.367	0.379	0.394	0.423	0.466	0.520	0.587	0.664	0.746	0.830	0.923	1.024	1.131	1.235	1.347	1.465	1.581	1.700	1.823	1.949	2.072	2.199	2.329	2.454	2.581	2.709	2.832	2.954	3.087	3.231	3.383	3.486	3.611	3.740	3.864	3.975	4.087	4.197	4.303	4.403	4.496	4.605	4.742	4.900	5.072	5.255	5.447	
5.637	5.446	5.263	5.090	4.933	4.796	4.686	4.611	4.579	4.458	4.303	4.156	4.021	3.897	3.785	3.689	3.610	3.548	3.504	3.476	3.463	3.470	3.496	3.534	3.591	3.665	3.757	3.864	3.985	4.117	4.261	4.357	4.395	4.475	4.588	4.728	4.873	5.028	5.181	5.340	5.503	5.652	5.484	5.310	5.149	4.974	4.805	4.647	4.468	4.311	4.141	3.971	3.842	3.639	3.516	3.330	3.166	3.010	2.849	2.692	2.541	2.383	2.236	2.083	1.938	1.795	1.652	1.519	1.381	1.259	1.131	1.018	0.905	0.802	0.699	0.607	0.540	0.472	0.421	0.387	0.369	0.367	0.379	0.394	0.423	0.466	0.520	0.587	0.664	0.746	0.830	0.923	1.024	1.119	1.221	1.331	1.443	1.555	1.673	1.796	1.914	2.038	2.164	2.289	2.414	2.542	2.671	2.796	2.918	3.053	3.198	3.350	3.454	3.579	3.707	3.831	3.942	4.054	4.164	4.270	4.370	4.463	4.573	4.710	4.867	5.039	5.223	5.414	
5.484	5.292	5.109	4.936	4.779	4.642	4.532	4.458	4.425	4.392	4.277	4.132	3.997	3.873	3.762	3.667	3.588	3.527	3.484	3.462	3.456	3.459	3.476	3.513	3.569	3.643	3.734	3.841	3.961	4.093	4.236	4.331	4.369	4.448	4.562	4.701	4.847	5.001	5.154	5.314	5.477	5.498	5.331	5.156	4.995	4.820	4.651	4.493	4.314	4.157	3.987	3.817	3.689	3.485	3.382	3.209	3.056	2.923	2.819	2.666	2.514	2.356	2.209	2.054	1.908	1.763	1.619	1.484	1.344	1.219	1.088	0.971	0.856	0.749	0.666	0.571	0.501	0.452	0.412	0.378	0.361	0.359	0.363	0.377	0.406	0.447	0.501	0.562	0.626	0.701	0.786	0.880	0.979	1.076	1.181	1.294	1.408	1.522	1.641	1.765	1.885	2.009	2.137	2.262	2.389	2.517	2.647	2.772	2.894	3.028	3.173	3.324	3.427	3.552	3.681	3.805	3.916	4.028	4.138	4.244	4.344	4.437	4.546	4.683	4.841	5.013	5.196	5.388	
5.324	5.132	4.949	4.776	4.619	4.482	4.372	4.298	4.265	4.231	4.200	4.110	3.975	3.852	3.742	3.648	3.572	3.514	3.476	3.455	3.450	3.451	3.470	3.501	3.554	3.625	3.714	3.820	3.939	4.071	4.172	4.219	4.257	4.336	4.450	4.589	4.735	4.889	5.042	5.202	5.365	5.339	5.171	4.997	4.835	4.660	4.491	4.333	4.154	3.997	3.827	3.657	3.529	3.325	3.218	3.043	2.885	2.744	2.635	2.550	2.466	2.331	2.185	2.029	1.884	1.738	1.595	1.459	1.321	1.194	1.065	0.947	0.835	0.726	0.642	0.552	0.480	0.431	0.397	0.366	0.349	0.348	0.350	0.364	0.393	0.435	0.485	0.539	0.604	0.680	0.766	0.861	0.956	1.054	1.160	1.274	1.385	1.499	1.619	1.742	1.862	1.986	2.115	2.239	2.366	2.492	2.605	2.726	2.852	2.978	3.096	3.223	3.315	3.440	3.569	3.693	3.804	3.916	4.026	4.132	4.232	4.325	4.435	4.572	4.729	4.901	5.084	5.276	
5.172	4.981	4.798	4.625	4.468	4.331	4.221	4.146	4.114	4.078	4.045	4.030	3.967	3.844	3.734	3.640	3.563	3.506	3.470	3.455	3.451	3.452	3.464	3.494	3.545	3.616	3.706	3.811	3.931	4.005	4.068	4.111	4.149	4.229	4.342	4.482	4.627	4.782	4.935	5.094	5.257	5.187	5.019	4.845	4.684	4.509	4.340	4.182	4.003	3.846	3.676	3.506	3.377	3.174	3.061	2.887	2.720	2.573	2.455	2.365	2.278	2.186	2.114	2.019	1.873	1.727	1.583	1.446	1.307	1.180	1.050	0.931	0.821	0.710	0.624	0.542	0.469	0.418	0.385	0.367	0.354	0.353	0.353	0.367	0.394	0.428	0.470	0.524	0.590	0.667	0.753	0.849	0.940	1.039	1.146	1.261	1.371	1.486	1.607	1.730	1.850	1.975	2.071	2.161	2.258	2.357	2.475	2.601	2.732	2.866	2.990	3.115	3.208	3.333	3.462	3.586	3.696	3.808	3.919	4.024	4.124	4.217	4.327	4.464	4.621	4.794	4.977	5.168	
5.028	4.837	4.654	4.481	4.324	4.187	4.077	4.002	3.970	3.932	3.898	3.882	3.881	3.854	3.745	3.651	3.575	3.519	3.482	3.468	3.467	3.467	3.476	3.506	3.557	3.628	3.717	3.816	3.864	3.916	3.970	4.011	4.049	4.128	4.242	4.381	4.527	4.681	4.834	4.994	5.157	5.043	4.875	4.701	4.540	4.365	4.196	4.038	3.859	3.702	3.532	3.362	3.233	3.030	2.914	2.739	2.563	2.409	2.284	2.186	2.095	1.997	1.919	1.859	1.802	1.745	1.601	1.467	1.329	1.204	1.077	0.962	0.856	0.750	0.670	0.594	0.528	0.484	0.455	0.440	0.429	0.428	0.428	0.439	0.463	0.492	0.529	0.578	0.638	0.709	0.791	0.883	0.971	1.067	1.172	1.284	1.392	1.492	1.578	1.664	1.751	1.842	1.930	2.024	2.126	2.231	2.354	2.486	2.621	2.760	2.891	3.015	3.107	3.232	3.361	3.485	3.596	3.708	3.818	3.924	4.024	4.117	4.227	4.363	4.521	4.693	4.876	5.068	
4.895	4.703	4.520	4.348	4.190	4.053	3.944	3.869	3.836	3.797	3.761	3.744	3.743	3.743	3.743	3.683	3.608	3.552	3.516	3.502	3.501	3.502	3.510	3.540	3.590	3.660	3.717	3.743	3.755	3.787	3.837	3.879	3.917	3.996	4.110	4.250	4.395	4.550	4.703	4.862	5.025	4.910	4.742	4.568	4.406	4.231	4.063	3.905	3.725	3.568	3.398	3.228	3.100	2.897	2.775	2.599	2.417	2.254	2.121	2.015	1.920	1.815	1.731	1.666	1.602	1.550	1.512	1.474	1.389	1.270	1.151	1.043	0.946	0.852	0.782	0.717	0.664	0.629	0.591	0.557	0.539	0.527	0.526	0.540	0.562	0.590	0.631	0.674	0.726	0.784	0.843	0.911	0.978	1.052	1.125	1.203	1.282	1.363	1.447	1.530	1.618	1.706	1.799	1.900	2.007	2.118	2.247	2.383	2.523	2.646	2.758	2.883	2.976	3.101	3.229	3.353	3.464	3.576	3.686	3.792	3.892	3.985	4.095	4.232	4.389	4.561	4.745	4.936	
4.772	4.581	4.397	4.225	4.068	3.931	3.821	3.746	3.714	3.672	3.635	3.617	3.616	3.616	3.616	3.616	3.616	3.606	3.571	3.557	3.556	3.557	3.565	3.594	3.616	3.616	3.616	3.616	3.629	3.662	3.714	3.758	3.796	3.876	3.989	4.129	4.274	4.429	4.582	4.742	4.904	4.787	4.619	4.445	4.284	4.109	3.940	3.782	3.602	3.446	3.276	3.106	2.977	2.774	2.649	2.472	2.281	2.110	1.968	1.855	1.754	1.642	1.552	1.481	1.409	1.352	1.310	1.266	1.236	1.217	1.206	1.164	1.078	0.996	0.913	0.827	0.758	0.689	0.642	0.598	0.565	0.545	0.527	0.526	0.533	0.547	0.575	0.608	0.648	0.700	0.750	0.812	0.873	0.941	1.010	1.085	1.160	1.240	1.319	1.404	1.496	1.587	1.686	1.793	1.906	2.023	2.154	2.272	2.396	2.521	2.636	2.762	2.855	2.980	3.109	3.233	3.344	3.456	3.566	3.671	3.771	3.864	3.974	4.111	4.268	4.441	4.624	4.816	
4.662	4.470	4.287	4.115	3.957	3.820	3.711	3.636	3.603	3.560	3.521	3.502	3.501	3.501	3.501	3.501	3.501	3.501	3.501	3.501	3.501	3.501	3.501	3.501	3.501	3.501	3.501	3.501	3.514	3.549	3.604	3.650	3.688	3.767	3.881	4.020	4.166	4.320	4.473	4.633	4.796	4.677	4.509	4.335	4.173	3.998	3.829	3.672	3.492	3.335	3.165	2.995	2.867	2.663	2.534	2.356	2.158	1.979	1.828	1.707	1.601	1.481	1.383	1.307	1.225	1.161	1.112	1.063	1.030	1.008	0.994	0.984	0.977	0.977	0.977	0.921	0.844	0.782	0.717	0.668	0.619	0.586	0.553	0.535	0.527	0.525	0.539	0.559	0.587	0.628	0.669	0.721	0.778	0.838	0.904	0.971	1.049	1.123	1.206	1.299	1.393	1.491	1.596	1.708	1.813	1.909	2.024	2.148	2.276	2.407	2.526	2.654	2.746	2.871	3.000	3.124	3.235	3.347	3.457	3.563	3.663	3.756	3.866	4.003	4.160	4.332	4.515	4.707	
4.565	4.374	4.190	4.018	3.861	3.724	3.614	3.539	3.506	3.462	3.421	3.402	3.400	3.400	3.400	3.400	3.400	3.400	3.400	3.400	3.400	3.400	3.400	3.400	3.400	3.400	3.400	3.400	3.414	3.450	3.507	3.555	3.593	3.672	3.786	3.926	4.071	4.226	4.378	4.538	4.701	4.580	4.412	4.238	4.077	3.902	3.733	3.575	3.395	3.239	3.069	2.899	2.770	2.567	2.434	2.248	2.049	1.862	1.704	1.574	1.462	1.334	1.229	1.144	1.053	0.982	0.924	0.869	0.830	0.806	0.790	0.778	0.770	0.770	0.770	0.770	0.770	0.770	0.770	0.751	0.693	0.646	0.602	0.568	0.546	0.528	0.526	0.531	0.545	0.573	0.604	0.645	0.695	0.745	0.807	0.880	0.954	1.034	1.123	1.221	1.302	1.390	1.485	1.589	1.689	1.791	1.910	2.037	2.170	2.307	2.430	2.559	2.652	2.776	2.905	3.029	3.140	3.252	3.362	3.468	3.568	3.661	3.771	3.908	4.065	4.237	4.421	4.612	
4.484	4.292	4.109	3.937	3.780	3.643	3.533	3.458	3.425	3.379	3.337	3.317	3.315	3.315	3.315	3.315	3.315	3.315	3.315	3.315	3.315	3.315	3.315	3.315	3.315	3.315	3.315	3.316	3.330	3.367	3.426	3.475	3.513	3.593	3.706	3.846	3.992	4.146	4.299	4.459	4.621	4.499	4.331	4.157	3.996	3.821	3.652	3.494	3.314	3.157	2.988	2.818	2.689	2.486	2.348	2.156	1.956	1.763	1.596	1.459	1.341	1.205	1.094	0.997	0.897	0.821	0.750	0.686	0.643	0.614	0.595	0.579	0.569	0.569	0.569	0.569	0.569	0.569	0.569	0.569	0.569	0.569	0.569	0.569	0.569	0.555	0.537	0.526	0.525	0.539	0.560	0.589	0.631	0.683	0.731	0.783	0.843	0.915	0.994	1.083	1.171	1.266	1.367	1.475	1.583	1.690	1.813	1.944	2.080	2.220	2.350	2.480	2.572	2.697	2.826	2.950	3.061	3.173	3.283	3.389	3.489	3.581	3.691	3.828	3.986	4.158	4.341	4.533	
4.418	4.227	4.043	3.871	3.714	3.577	3.467	3.392	3.360	3.312	3.268	3.248	3.246	3.246	3.246	3.246	3.246	3.246	3.246	3.246	3.246	3.246	3.246	3.246	3.246	3.246	3.246	3.246	3.261	3.300	3.360	3.411	3.449	3.528	3.642	3.782	3.927	4.082	4.235	4.394	4.557	4.433	4.265	4.091	3.930	3.755	3.586	3.428	3.248	3.092	2.922	2.752	2.623	2.420	2.280	2.082	1.882	1.682	1.509	1.366	1.242	1.099	0.982	0.873	0.765	0.682	0.596	0.523	0.473	0.440	0.417	0.394	0.383	0.382	0.382	0.382	0.382	0.382	0.382	0.382	0.382	0.382	0.382	0.382	0.382	0.382	0.382	0.382	0.382	0.391	0.409	0.437	0.473	0.522	0.578	0.636	0.704	0.782	0.869	0.965	1.063	1.163	1.270	1.383	1.497	1.607	1.734	1.870	2.009	2.151	2.284	2.415	2.508	2.633	2.761	2.885	2.996	3.108	3.218	3.324	3.424	3.517	3.627	3.764	3.921	4.093	4.277	4.468	
4.371	4.180	3.997	3.824	3.667	3.530	3.420	3.345	3.313	3.264	3.219	3.198	3.197	3.197	3.197	3.197	3.197	3.197	3.197	3.197	3.197	3.197	3.197	3.197	3.197	3.197	3.197	3.197	3.212	3.251	3.313	3.365	3.403	3.483	3.596	3.736	3.881	4.036	4.189	4.348	4.511	4.386	4.218	4.044	3.883	3.708	3.539	3.381	3.201	3.045	2.875	2.705	2.576	2.373	2.231	2.028	1.827	1.622	1.445	1.297	1.168	1.019	0.898	0.777	0.664	0.576	0.471	0.390	0.334	0.295	0.260	0.234	0.220	0.219	0.219	0.219	0.219	0.219	0.219	0.219	0.219	0.219	0.219	0.219	0.219	0.219	0.219	0.219	0.219	0.230	0.251	0.285	0.330	0.385	0.452	0.521	0.596	0.680	0.773	0.876	0.983	1.087	1.197	1.315	1.434	1.547	1.676	1.814	1.956	2.102	2.238	2.369	2.462	2.587	2.716	2.840	2.950	3.062	3.172	3.278	3.378	3.471	3.581	3.718	3.875	4.048	4.231	4.422	
4.342	4.151	3.967	3.795	3.638	3.501	3.391	3.316	3.283	3.234	3.189	3.167	3.166	3.166	3.166	3.166	3.166	3.166	3.166	3.166	3.166	3.166	3.166	3.166	3.166	3.166	3.166	3.166	3.181	3.221	3.284	3.337	3.375	3.454	3.567	3.707	3.853	4.007	4.160	4.320	4.483	4.357	4.189	4.015	3.854	3.679	3.510	3.352	3.172	3.015	2.846	2.676	2.547	2.344	2.200	1.994	1.793	1.586	1.405	1.254	1.121	0.970	0.847	0.717	0.599	0.504	0.389	0.302	0.242	0.198	0.134	0.109	0.099	0.098	0.098	0.098	0.098	0.098	0.098	0.098	0.098	0.098	0.098	0.098	0.098	0.098	0.098	0.098	0.099	0.112	0.138	0.177	0.229	0.291	0.365	0.448	0.525	0.614	0.713	0.819	0.933	1.039	1.152	1.272	1.395	1.510	1.641	1.780	1.924	2.070	2.209	2.341	2.433	2.558	2.687	2.811	2.922	3.034	3.144	3.250	3.350	3.443	3.552	3.689	3.847	4.019	4.202	4.394	
4.332	4.140	3.957	3.784	3.627	3.490	3.380	3.306	3.273	3.223	3.178	3.156	3.155	3.155	3.155	3.155	3.155	3.155	3.155	3.155	3.155	3.155	3.155	3.155	3.155	3.155	3.155	3.155	3.170	3.211	3.274	3.326	3.364	3.444	3.557	3.697	3.842	3.997	4.150	4.310	4.472	4.346	4.179	4.004	3.843	3.668	3.499	3.341	3.162	3.005	2.835	2.665	2.537	2.333	2.189	1.982	1.781	1.573	1.391	1.238	1.105	0.952	0.828	0.695	0.576	0.476	0.359	0.270	0.210	0.133	0.091	0.063	0.052	0.052	0.052	0.052	0.052	0.052	0.052	0.052	0.052	0.052	0.052	0.052	0.052	0.052	0.052	0.052	0.053	0.065	0.092	0.136	0.190	0.256	0.333	0.421	0.501	0.591	0.690	0.799	0.915	1.021	1.136	1.257	1.382	1.497	1.628	1.768	1.912	2.059	2.198	2.330	2.423	2.548	2.677	2.801	2.911	3.024	3.134	3.239	3.339	3.432	3.542	3.679	3.836	4.009	4.192	4.383	
4.341	4.150	3.966	3.794	3.637	3.500	3.390	3.315	3.283	3.233	3.188	3.167	3.165	3.165	3.165	3.165	3.165	3.165	3.165	3.165	3.165	3.165	3.165	3.165	3.165	3.165	3.165	3.165	3.181	3.221	3.283	3.336	3.374	3.453	3.567	3.706	3.852	4.006	4.159	4.319	4.482	4.356	4.188	4.014	3.853	3.678	3.509	3.351	3.171	3.015	2.845	2.675	2.546	2.343	2.199	1.993	1.792	1.585	1.404	1.252	1.120	0.968	0.845	0.716	0.597	0.502	0.386	0.299	0.239	0.195	0.131	0.106	0.095	0.095	0.095	0.095	0.095	0.095	0.095	0.095	0.095	0.095	0.095	0.095	0.095	0.095	0.095	0.095	0.096	0.107	0.135	0.174	0.225	0.288	0.363	0.446	0.524	0.612	0.711	0.818	0.932	1.037	1.151	1.271	1.394	1.509	1.640	1.779	1.923	2.070	2.208	2.340	2.433	2.557	2.686	2.810	2.921	3.033	3.143	3.249	3.349	3.442	3.552	3.689	3.846	4.018	4.201	4.393	
4.370	4.178	3.995	3.822	3.665	3.528	3.418	3.344	3.311	3.262	3.217	3.197	3.195	3.195	3.195	3.195	3.195	3.195	3.195	3.195	3.195	3.195	3.195	3.195	3.195	3.195	3.195	3.195	3.210	3.250	3.312	3.363	3.401	3.481	3.594	3.734	3.880	4.034	4.187	4.347	4.510	4.385	4.217	4.043	3.881	3.706	3.537	3.379	3.200	3.043	2.873	2.703	2.575	2.371	2.229	2.026	1.825	1.620	1.442	1.294	1.165	1.017	0.895	0.774	0.660	0.573	0.467	0.385	0.329	0.290	0.254	0.227	0.214	0.213	0.213	0.213	0.213	0.213	0.213	0.213	0.213	0.213	0.213	0.213	0.213	0.213	0.213	0.213	0.213	0.223	0.245	0.279	0.324	0.380	0.447	0.517	0.592	0.676	0.769	0.873	0.980	1.084	1.195	1.312	1.432	1.545	1.674	1.812	1.955	2.100	2.236	2.368	2.460	2.585	2.714	2.838	2.949	3.061	3.171	3.277	3.377	3.469	3.579	3.716	3.874	4.046	4.229	4.421	
4.398	4.206	4.023	3.851	3.694	3.557	3.447	3.373	3.340	3.292	3.248	3.227	3.225	3.225	3.225	3.225	3.225	3.225	3.225	3.225	3.225	3.225	3.225	3.225	3.225	3.225	3.225	3.226	3.241	3.280	3.341	3.392	3.430	3.509	3.623	3.762	3.907	4.062	4.215	4.374	4.537	4.412	4.245	4.071	3.909	3.735	3.566	3.409	3.229	3.073	2.904	2.735	2.609	2.414	2.273	2.071	1.885	1.718	1.541	1.379	1.247	1.138	1.019	0.905	0.794	0.709	0.615	0.539	0.486	0.449	0.422	0.398	0.386	0.385	0.385	0.385	0.385	0.385	0.385	0.385	0.385	0.385	0.385	0.385	0.385	0.385	0.385	0.385	0.385	0.394	0.414	0.445	0.485	0.535	0.598	0.659	0.730	0.810	0.901	1.001	1.103	1.203	1.312	1.428	1.544	1.656	1.769	1.891	2.022	2.159	2.300	2.416	2.500	2.620	2.746	2.869	2.979	3.090	3.200	3.305	3.405	3.498	3.607	3.744	3.901	4.073	4.257	4.448	
4.417	4.228	4.047	3.877	3.723	3.589	3.482	3.410	3.378	3.330	3.286	3.265	3.263	3.263	3.263	3.263	3.263	3.263	3.263	3.263	3.263	3.263	3.263	3.263	3.263	3.263	3.263	3.264	3.279	3.318	3.379	3.430	3.467	3.544	3.654	3.791	3.934	4.086	4.237	4.395	4.556	4.432	4.266	4.094	3.935	3.763	3.598	3.444	3.271	3.122	2.965	2.814	2.708	2.574	2.381	2.193	2.023	1.852	1.697	1.567	1.459	1.345	1.246	1.132	1.021	0.936	0.842	0.766	0.713	0.676	0.649	0.625	0.613	0.612	0.612	0.612	0.612	0.612	0.612	0.612	0.612	0.612	0.612	0.612	0.612	0.612	0.612	0.612	0.612	0.621	0.641	0.671	0.712	0.762	0.825	0.886	0.957	1.037	1.128	1.228	1.330	1.430	1.539	1.636	1.733	1.841	1.957	2.080	2.208	2.342	2.480	2.590	2.645	2.728	2.830	2.937	3.038	3.142	3.245	3.346	3.443	3.533	3.639	3.773	3.928	4.097	4.278	4.468	
4.460	4.274	4.098	3.933	3.785	3.657	3.555	3.487	3.457	3.409	3.365	3.345	3.343	3.343	3.343	3.343	3.343	3.343	3.343	3.343	3.343	3.343	3.343	3.343	3.343	3.343	3.343	3.343	3.358	3.397	3.458	3.509	3.544	3.616	3.721	3.852	3.990	4.137	4.284	4.439	4.597	4.475	4.312	4.144	3.989	3.823	3.665	3.520	3.358	3.222	3.083	2.957	2.875	2.698	2.510	2.339	2.172	2.018	1.887	1.753	1.643	1.559	1.473	1.359	1.248	1.163	1.069	0.992	0.940	0.903	0.876	0.852	0.840	0.839	0.839	0.839	0.839	0.839	0.839	0.839	0.839	0.839	0.839	0.839	0.839	0.839	0.839	0.839	0.839	0.848	0.868	0.898	0.939	0.989	1.052	1.113	1.184	1.264	1.355	1.454	1.557	1.657	1.761	1.845	1.939	2.043	2.155	2.274	2.399	2.529	2.662	2.793	2.846	2.903	2.980	3.068	3.153	3.245	3.338	3.431	3.521	3.606	3.707	3.835	3.984	4.148	4.325	4.510	
4.524	4.345	4.174	4.017	3.876	3.755	3.661	3.598	3.571	3.523	3.479	3.458	3.456	3.456	3.456	3.456	3.456	3.456	3.456	3.456	3.456	3.456	3.456	3.456	3.456	3.456	3.456	3.457	3.472	3.510	3.572	3.623	3.654	3.721	3.819	3.942	4.073	4.214	4.356	4.505	4.659	4.539	4.381	4.219	4.070	3.912	3.763	3.628	3.480	3.359	3.239	3.135	3.011	2.830	2.658	2.492	2.339	2.197	2.065	1.957	1.848	1.761	1.699	1.586	1.475	1.390	1.296	1.219	1.167	1.130	1.103	1.079	1.067	1.066	1.066	1.066	1.066	1.066	1.066	1.066	1.066	1.066	1.066	1.066	1.066	1.066	1.066	1.066	1.066	1.075	1.095	1.125	1.166	1.216	1.279	1.340	1.411	1.491	1.582	1.681	1.784	1.884	1.979	2.056	2.143	2.240	2.346	2.461	2.582	2.709	2.840	2.976	3.061	3.104	3.164	3.234	3.306	3.385	3.468	3.552	3.633	3.711	3.806	3.926	4.067	4.225	4.395	4.575	
4.609	4.436	4.273	4.124	3.991	3.879	3.793	3.735	3.710	3.663	3.618	3.598	3.596	3.596	3.596	3.596	3.596	3.596	3.596	3.596	3.596	3.596	3.596	3.596	3.596	3.596	3.596	3.596	3.611	3.650	3.711	3.762	3.791	3.852	3.942	4.057	4.180	4.314	4.449	4.592	4.741	4.622	4.470	4.315	4.174	4.026	3.887	3.762	3.629	3.522	3.418	3.327	3.150	2.978	2.813	2.659	2.513	2.382	2.260	2.150	2.062	1.974	1.911	1.813	1.702	1.617	1.523	1.446	1.394	1.357	1.330	1.306	1.294	1.293	1.293	1.293	1.293	1.293	1.293	1.293	1.293	1.293	1.293	1.293	1.293	1.293	1.293	1.293	1.293	1.302	1.322	1.352	1.393	1.443	1.506	1.567	1.638	1.718	1.809	1.908	2.011	2.111	2.189	2.264	2.349	2.445	2.549	2.659	2.775	2.897	3.025	3.157	3.264	3.316	3.364	3.422	3.483	3.551	3.624	3.698	3.772	3.843	3.930	4.042	4.174	4.324	4.486	4.659	
4.711	4.546	4.392	4.251	4.127	4.024	3.944	3.892	3.870	3.822	3.778	3.757	3.755	3.755	3.755	3.755	3.755	3.755	3.755	3.755	3.755	3.755	3.755	3.755	3.755	3.755	3.755	3.756	3.771	3.809	3.871	3.921	3.947	4.003	4.085	4.191	4.306	4.432	4.560	4.697	4.840	4.724	4.579	4.431	4.298	4.159	4.030	3.917	3.797	3.702	3.612	3.470	3.298	3.134	2.980	2.831	2.700	2.570	2.461	2.354	2.268	2.192	2.128	2.040	1.929	1.844	1.750	1.673	1.621	1.584	1.557	1.533	1.521	1.520	1.520	1.520	1.520	1.520	1.520	1.520	1.520	1.520	1.520	1.520	1.520	1.520	1.520	1.520	1.520	1.529	1.549	1.579	1.620	1.670	1.733	1.794	1.865	1.945	2.036	2.135	2.237	2.338	2.404	2.479	2.563	2.650	2.747	2.853	2.968	3.088	3.214	3.342	3.475	3.529	3.573	3.622	3.674	3.733	3.797	3.864	3.930	3.995	4.074	4.178	4.301	4.442	4.596	4.762	
4.829	4.672	4.526	4.394	4.279	4.184	4.111	4.064	4.043	3.996	3.951	3.931	3.929	3.929	3.929	3.929	3.929	3.929	3.929	3.929	3.929	3.929	3.929	3.929	3.929	3.929	3.929	3.929	3.944	3.983	4.044	4.095	4.118	4.169	4.245	4.342	4.449	4.567	4.688	4.818	4.954	4.842	4.703	4.564	4.439	4.309	4.190	4.086	3.977	3.893	3.791	3.618	3.455	3.301	3.150	3.016	2.883	2.768	2.658	2.565	2.478	2.413	2.348	2.267	2.156	2.071	1.977	1.900	1.848	1.811	1.784	1.760	1.748	1.747	1.747	1.747	1.747	1.747	1.747	1.747	1.747	1.747	1.747	1.747	1.747	1.747	1.747	1.747	1.747	1.756	1.776	1.806	1.847	1.897	1.960	2.021	2.092	2.172	2.263	2.362	2.464	2.560	2.623	2.694	2.770	2.856	2.951	3.056	3.164	3.279	3.400	3.527	3.659	3.738	3.787	3.829	3.875	3.927	3.984	4.043	4.103	4.161	4.234	4.330	4.445	4.577	4.722	4.880	
4.961	4.812	4.674	4.551	4.444	4.356	4.289	4.246	4.228	4.180	4.136	4.115	4.113	4.113	4.113	4.113	4.113	4.113	4.113	4.113	4.113	4.113	4.113	4.113	4.113	4.113	4.113	4.114	4.129	4.168	4.229	4.279	4.300	4.347	4.416	4.506	4.606	4.716	4.830	4.953	5.083	4.973	4.841	4.710	4.592	4.471	4.362	4.267	4.168	4.092	3.939	3.776	3.622	3.470	3.331	3.199	3.076	2.967	2.861	2.776	2.692	2.628	2.570	2.493	2.383	2.298	2.204	2.127	2.075	2.038	2.011	1.987	1.975	1.974	1.974	1.974	1.974	1.974	1.974	1.974	1.974	1.974	1.974	1.974	1.974	1.974	1.974	1.974	1.974	1.983	2.003	2.033	2.074	2.124	2.187	2.248	2.319	2.399	2.490	2.589	2.691	2.782	2.842	2.906	2.982	3.066	3.158	3.254	3.361	3.475	3.593	3.715	3.842	3.947	3.998	4.042	4.082	4.128	4.179	4.232	4.286	4.340	4.407	4.495	4.602	4.725	4.862	5.012	
5.105	4.963	4.834	4.719	4.619	4.538	4.476	4.437	4.420	4.373	4.328	4.308	4.306	4.306	4.306	4.306	4.306	4.306	4.306	4.306	4.306	4.306	4.306	4.306	4.306	4.306	4.306	4.306	4.321	4.360	4.421	4.471	4.491	4.533	4.597	4.681	4.773	4.876	4.984	5.100	5.223	5.116	4.991	4.867	4.757	4.644	4.543	4.456	4.366	4.260	4.097	3.943	3.790	3.648	3.517	3.388	3.275	3.165	3.070	2.984	2.909	2.845	2.793	2.720	2.610	2.525	2.431	2.354	2.302	2.265	2.238	2.214	2.202	2.201	2.201	2.201	2.201	2.201	2.201	2.201	2.201	2.201	2.201	2.201	2.201	2.201	2.201	2.201	2.201	2.210	2.230	2.260	2.301	2.351	2.414	2.475	2.546	2.626	2.717	2.816	2.918	3.004	3.058	3.122	3.196	3.277	3.363	3.458	3.563	3.670	3.785	3.905	4.031	4.159	4.205	4.254	4.293	4.334	4.380	4.429	4.478	4.527	4.588	4.670	4.769	4.884	5.014	5.155	
