20
0.644733 0 -10.2695 0.998201 0 -0.059964 0
1.65618 0 -9.22381 0.992809 0 -0.119712 0
3.1529 0 -8.07003 0.988771 0 -0.149438 0
3.972 0 -7.38408 0.986419 0 -0.164252 0
4.88031 0 -6.7023 0.983844 0 -0.17903 0
5.72174 0 -5.99815 0.981048 0 -0.193767 0
8.26591 0 -4.38395 0.971229 -0.0146699 -0.237676 0.00312678
9.70076 0 -3.67018 0.962789 -0.0439834 -0.266488 0.00937472
10.93 0 -3.19643 0.952616 -0.0732176 -0.29482 0.0156058
13.1798 0 -2.21747 0.932292 -0.130804 -0.335896 0.0299379
14.0772 0 -1.54708 0.927949 -0.15871 -0.334847 0.0399998
14.9044 0 -0.830425 0.922771 -0.186473 -0.333497 0.0500257
15.5907 0 -0.00260544 0.916763 -0.214068 -0.331846 0.0600066
16.1114 0 0.899338 0.909929 -0.24147 -0.329897 0.0699335
16.3696 0 2.24524 0.898146 -0.282159 -0.326417 0.084703
16.2724 0 3.66383 0.884544 -0.322276 -0.322276 0.0993011
15.8515 0 5.15978 0.869151 -0.361741 -0.317483 0.113698
15.615 0 6.41 0.851998 -0.400473 -0.312047 0.127865
15.5925 0 7.66782 0.83312 -0.438395 -0.305979 0.141773
15.8505 0 8.75303 0.812556 -0.475429 -0.299292 0.155394
